475 701
12560
6794
2534
4219
-4794
4214
-4220
-12831
16257
21297
17410
2507
-7685
13000
-17438
8399
14847
731
11194
4115
-11800
-7017
8744
24399
-27871
20667
-15903
19144
-16349
-7786
23463
11605
-20871
-8953
18508
10844
16574
-389
691
6101
-24420
-32526
462
10309
-18226
-5895
-11615
-11069
-4322
3759
-3524
1781
-24986
-6204
-6204
787
-12142
4469
-24982
-28190
-18277
6800
-143
27321
-4980
3444
-13269
23935
-8320
14864
-18437
-17238
-25695
16355
-15788
1856
-17367
-10246
20663
21209
10085
24309
2233
-2664
2220
-24831
-5639
-4039
2666
-9761
10285
6142
-12261
4826
17684
191
-20409
6355
-5501
9954
-20854
20535
1117
-9889
13711
15622
6803
-7236
4367
-13107
-5337
-2034
10196
-8020
17453
-9987
-2629
5968
7623
17343
17837
-10502
-3032
-26086
11172
6005
24976
-13210
-16724
-5086
-1963
904
4830
-12818
-9000
2806
-3227
9561
-24694
-1351
23676
-27535
22256
-24219
-19090
212
-1637
11810
19091
-8784
-2002
6822
1880
-19002
5980
21816
-4041
-2719
2534
10925
-9031
-2974
-13664
-3986
-3718
16439
13931
-4497
-9691
9694
-6597
2359
-15502
-1050
18705
11230
5423
11373
-510
-3575
-5069
-223
-4562
4591
21612
9026
9928
1623
17106
-1634
-3308
-1898
-12433
-24941
-18845
27285
-20640
-19440
1559
-24377
-4403
-5229
933
-13258
-5389
-12245
-2420
-2953
-29670
-12170
9826
8624
-16482
2212
-2873
-14696
-19991
-13200
14191
-5514
18550
-3796
-11748
4896
23503
-10314
4255
28412
-20082
13946
16605
-16638
-18849
9082
3271
183
-2053
-8638
5217
-10191
-8402
-9743
18363
14873
-22063
1847
250
21923
9423
-8625
-8626
16022
9763
10507
-9220
22347
-14633
3273
11861
-1371
-8954
-11146
-9284
-6627
13786
-1391
-26973
-7241
3981
-3287
22413
13324
-11413
-18980
-18675
14402
4044
2010
1989
-9202
12831
1503
-20377
-16456
217
28220
17845
8726
-10872
10957
-7036
2703
5830
6915
-13389
13080
-3523
7642
13880
12857
22184
-9246
-2797
-6904
11729
-11974
-13993
6444
-10606
-26737
-471
-2342
-8490
-4063
-15689
-21797
-616
3517
-15289
-12157
-13085
7875
2091
7098
17360
-26848
1475
-15626
28809
14931
133
10557
-3508
-6805
8690
-14298
13152
6408
-11364
-9769
-7392
17237
-9947
-15608
-20489
-13805
10818
15614
-16031
-11121
3251
-16496
-3610
21929
-4533
11045
18722
21966
-275
-19789
-19009
-770
2700
1472
1912
23750
4906
14948
10519
-1465
10969
-2237
6775
6188
3515
23959
10881
-16202
-1019
13091
-3790
4018
-11273
19519
2450
-17280
-5147
13779
3006
-7155
11312
-24750
18142
4825
26955
1222
-17618
3827
-582
6339
-11272
-7690
-23537
-4495
-7785
8979
4330
-7290
21364
266
-13055
-13752
12812
3110
-12524
-11377
-10008
-16312
-10762
-18240
-3934
20190
651
9682
10469
10470
-20027
25420
12909
18671
5796
-16317
-1790
15639
-27586
15456
7551
-3827
-10318
-3626
12241
14350
-19914
-16529
10479
-26900
13066
12928
9446
19969
387
12527
23760
-23745
-2304
-7373
-7977
-5085
-1802
24147
4660
-10307
4839
3557
-8907
-1879
20581
24079
-19662
3862
-10476
-23160
17558
4804
16549
-393
-317
234
-238
169
174
164
-481
238
638
442
-370
45
-152
-550
-295
19
-123
-861
-885
-538
-192
428
654
-161
-35
-391
-962
-701
-172
-85
-596
272
-103
-79
-566
692
142
407
165
-800
-442
541
-364
-408
458
57
636
-348
263
187
424
-23
-282
-73
160
273
-16
742
409
174
-669
667
-204
545
-409
-127
347
-232
176
140
314
-894
374
113
-100
692
134
794
-631
-106
-174
779
-667
374
251
-477
-141
75
-746
-414
53
122
-117
117
-364
43
239
34
-162
437
10
728
-573
421
-824
255
604
1
-77
643
511
-639
-267
-371
-356
-309
842
122
-257
-522
-140
240
-78
-200
461
479
231
383
-458
-116
-295
507
237
-225
-437
-88
-182
-706
-66
-289
336
358
437
-331
-774
-320
461
-727
83
552
36
482
-109
495
432
-369
-354
-190
258
180
-792
-169
-483
17
289
-50
411
45
-146
-211
-160
-522
-113
225
-242
666
7
-589
45
-143
171
256
-734
-448
203
-553
71
-426
418
94
327
513
-525
124
75
9
-169
158
-498
-181
138
837
-28
-507
390
-2
150
-31
318
0
-33
16
5
-631
-575
-314
-117
-344
719
-250
-410
-150
43
-464
46
-831
-823
289
-11
0
-639
-70
-704
-1
817
647
-641
195
-80
-344
-674
-378
26
-206
480
258
-495
349
790
217
96
-648
-326
-631
786
559
162
-553
160
131
429
146
-90
145
-122
-399
-746
361
72
-662
-21
344
-193
524
325
229
-508
61
-503
-458
-295
-540
618
35
185
-368
-71
-800
758
134
-408
110
581
-267
-21
-69
-258
-27
-228
-172
43
409
702
416
-535
-116
130
-872
704
-550
164
-505
-212
-56
-531
-242
704
159
617
-159
-691
-522
738
498
806
129
490
-484
-26
209
20
-296
86
-533
-70
-46
-764
412
776
-236
550
254
-505
-327
594
-3
-399
-358
-792
473
-542
-436
284
119
701
334
-232
471
-727
671
432
-130
-51
-356
-284
491
576
-426
-640
-178
63
-55
389
-316
250
76
-24
-284
431
-352
513
91
61
-17
-75
537
-720
428
-100
429
250
322
202
-251
-258
-390
-558
238
-753
-110
308
-479
-674
-288
-347
-197
-344
169
255
-110
908
-338
132
-2
-432
-283
-834
213
276
-181
329
605
-53
472
374
244
-183
489
311
761
319
-249
18
-12
-400
871
470
-181
237
-50
-177
618
219
110
575
250
356
-391
-520
-447
25
82
-283
-99
-106
118
266
-620
660
-63
-392
279
399
5
729
-63
-551
463
40
99
220
-115
-537
-5
-452
950
659
-170
497
-488
571
269
-441
-45
-268
-778
-455
261
272
-514
153
-85
-160
-389
-135
36
-88
542
-324
527
-278
245
597
-260
569
45
76
-696
128
261
439
40
447
76
447
12
267
704
662
60
174
656
246
77
58
-22
92
-76
273
285
615
106
183
-72
-107
-20
-76
400
223
361
-202
60
22
-423
45
915
255
-937
-548
-53
3
-179
-171
220
-107
80
-459
129
223
54
283
341
301
-763
83
51
103
-698
-312
-149
-294
-218
413
212
-145
-565
835
-501
16
379
485
-608
-439
239
-370
200
740
-652
800
123
100
-497
413
422
-701
266
89
-784
682
240
646
497
-59
-478
253
-459
-688
-236
290
4
-166
-232
-273
-363
329
314
359
-2
277
72
-348
708
-135
-342
369
239
-54
158
328
94
694
259
188
126
115
-296
134
-505
538
-351
114
143
510
38
-621
-645
66
509
642
635
150
142
74
-362
-104
831
-378
-30
-727
29
464
53
-173
-177
99
-395
408
517
568
898
909
-67
548
394
75
692
-201
-86
-5
59
-203
-21
313
-251
-119
-334
-200
-61
-357
-675
-150
-620
161
-772
-392
-67
-229
261
-225
389
